5340.000000 38196792.1711284071 -6.6487682322 
5400.000000 38196388.5738613233 -6.7998274453 
5460.000000 38195976.7586689964 -6.9225455991 
5520.000000 38195558.4533661455 -7.0160281880 
5580.000000 38195135.4358787462 -7.0794809969 
5640.000000 38194709.5298018530 -7.1122191401 
5700.000000 38194282.5953504816 -7.1136770553 
5760.000000 38193856.5230342150 -7.0834178601 
5820.000000 38193433.2257737815 -7.0211427842 
5880.000000 38193014.6295608729 -6.9267004977 
5940.000000 38192602.6648291573 -6.8000957298 
6000.000000 38192199.2577990964 -6.6414971394 
6060.000000 38191806.3185143173 -6.4512448996 
6120.000000 38191425.7312785164 -6.2298566544 
6180.000000 38191059.3447101340 -5.9780322031 
6240.000000 38190708.9587464631 -5.6966572481 
6300.000000 38190376.3153715208 -5.3868046672 
6360.000000 38190063.0865540653 -5.0497344519 
6420.000000 38189770.8627216965 -4.6868915296 
6480.000000 38189501.1426540613 -4.2999012405 
6540.000000 38189255.3217849359 -3.8905630984 
6600.000000 38189034.6827777848 -3.4608421600 
6660.000000 38188840.3861527145 -3.0128585593 
6720.000000 38188673.4598758221 -2.5488754584 
6780.000000 38188534.7931300402 -2.0712842403 
6840.000000 38188425.1279001683 -1.5825879467 
6900.000000 38188345.0529392585 -1.0853818218 
6960.000000 38188294.9989214465 -0.5823313402 
7020.000000 38188275.2357277498 -0.0761482550 
7080.000000 38188285.8693801761 0.4304335909 
7140.000000 38188326.8410287425 0.9346818452 
7200.000000 38188397.9301916063 1.4338881995 
7260.000000 38188498.7535684258 1.9253880955 
7320.000000 38188628.7706172541 2.4065803405 
7380.000000 38188787.2865668386 2.8749454022 
7440.000000 38188973.4586498961 3.3280638110 
7500.000000 38189186.3030354157 3.7636339175 
7560.000000 38189424.7005992830 4.1794880285 
7620.000000 38189687.4069056138 4.5736073582 
7680.000000 38189973.0616654828 4.9441344034 
7740.000000 38190280.1974472255 5.2893825319 
7800.000000 38190607.2515568957 5.6078436134 
7860.000000 38190952.5761870891 5.8981928745 
7920.000000 38191314.4493646100 6.1592916761 
7980.000000 38191691.0872038454 6.3901885119 
8040.000000 38192080.6526711732 6.5901174559 
8100.000000 38192481.2698324472 6.7584960448 
8160.000000 38192891.0330340043 6.8949206823 
8220.000000 38193308.0166790113 6.9991609053 
8280.000000 38193730.2871748433 7.0711530388 
8340.000000 38194155.9119278640 7.1109924268 
8400.000000 38194582.9680208638 7.1189249751 
8460.000000 38195009.5522751063 7.0953385419 
8520.000000 38195433.7884909958 7.0407535200 
8580.000000 38195853.8356238455 6.9558135291 
8640.000000 38196267.8942045271 6.8412758271 
8700.000000 38196674.2140217796 6.6980021763 
11040.000000 38196558.9735299498 -6.7418703271 
11100.000000 38196150.2640164122 -6.8770269876 
11160.000000 38195734.3102178872 -6.9831906531 
11220.000000 38195312.8779322952 -7.0595283107 
11280.000000 38194887.7780669555 -7.1053143343 
11340.000000 38194460.8634606525 -7.1199391803 
11400.000000 38194034.0184053034 -7.1029194824 
11460.000000 38193609.1530420408 -7.0539069764 
11520.000000 38193188.1934355795 -6.9726979420 
11580.000000 38192773.0743788034 -6.8592415878 
11640.000000 38192365.7275461480 -6.7136486770 
11700.000000 38191968.0734655410 -6.5361985135 
11760.000000 38191582.0117483735 -6.3273452064 
11820.000000 38191209.4076768905 -6.0877233969 
11880.000000 38190852.0841017440 -5.8181514631 
11940.000000 38190511.8085161895 -5.5196340456 
12000.000000 38190190.2832429260 -5.1933621407 
12060.000000 38189889.1328928396 -4.8407118028 
12120.000000 38189609.8943620771 -4.4632403283 
12180.000000 38189354.0058583841 -4.0626806260 
12240.000000 38189122.7963878810 -3.6409335603 
12300.000000 38188917.4765144438 -3.2000582155 
12360.000000 38188739.1280133203 -2.7422606205 
12420.000000 38188588.6968478411 -2.2698799787 
12480.000000 38188466.9850564152 -1.7853730612 
12540.000000 38188374.6436413825 -1.2912960881 
12600.000000 38188312.1682962552 -0.7902837086 
12660.000000 38188279.8946384862 -0.2850262316 
12720.000000 38188277.9956529289 0.2217543916 
12780.000000 38188306.4810540229 0.7273284648 
12840.000000 38188365.1964791641 1.2289808434 
12900.000000 38188453.8264796883 1.7240320252 
12960.000000 38188571.8958186582 2.2098572301 
13020.000000 38188718.7739626914 2.6839050665 
13080.000000 38188893.6797448844 3.1437156285 
13140.000000 38189095.6878440902 3.5869383365 
13200.000000 38189323.7358169556 4.0113488148 
13260.000000 38189576.6315583885 4.4148641482 
13320.000000 38189853.0630703866 4.7955563591 
13380.000000 38190151.6066478044 5.1516630378 
13440.000000 38190470.7388593629 5.4815961512 
13500.000000 38190808.8464034349 5.7839479592 
13560.000000 38191164.2363261878 6.0574947110 
13620.000000 38191535.1488699764 6.3011987695 
13680.000000 38191919.7663247511 6.5142080250 
13740.000000 38192316.2265764922 6.6958545214 
13800.000000 38192722.6316206306 6.8456505391 
13860.000000 38193137.0612196401 6.9632843668 
13920.000000 38193557.5796921998 7.0486135633 
13980.000000 38193982.2489707842 7.1016585462 
14040.000000 38194409.1364947185 7.1225944232 
14100.000000 38194836.3245648146 7.1117425911 
14160.000000 38195261.9187615141 7.0695618080 
14220.000000 38195684.0570801497 6.9966392424 
14280.000000 38196100.9146616533 6.8936806287 
14340.000000 38196510.7140450776 6.7615016523 
16680.000000 38196675.3828091398 -6.6995096823 
16740.000000 38196268.9551371336 -6.8433507958 
16800.000000 38195854.7579350099 -6.9583320677 
16860.000000 38195434.5496743321 -7.0435956707 
16920.000000 38195010.1360667050 -7.0983898689 
16980.000000 38194583.3650766984 -7.1220779460 
17040.000000 38194156.1191837490 -7.1141476360 
17100.000000 38193730.3072605506 -7.0742204522 
17160.000000 38193307.8575327247 -7.0020604773 
17220.000000 38192890.7065773979 -6.8975834647 
17280.000000 38192480.7924396545 -6.7608644633 
17340.000000 38192080.0428449512 -6.5921455904 
17400.000000 38191690.3667137623 -6.3918421219 
17460.000000 38191313.6419080570 -6.1605481257 
17520.000000 38190951.7054347619 -5.8990402009 
17580.000000 38190606.3421571031 -5.6082799343 
17640.000000 38190279.2737831250 -5.2894145546 
17700.000000 38189972.1479038224 -4.9437756995 
17760.000000 38189686.5262347534 -4.5728763838 
17820.000000 38189423.8744664863 -4.1784056756 
17880.000000 38189185.5519527271 -3.7622214932 
17940.000000 38188972.8017617241 -3.3263415183 
18000.000000 38188786.7418264374 -2.8729321531 
18060.000000 38188628.3545847759 -2.4042960033 
18120.000000 38188498.4823085815 -1.9228562597 
18180.000000 38188397.8173726127 -1.4311398742 
18240.000000 38188326.8986942917 -0.9317571952 
18300.000000 38188286.1065368131 -0.4273799654 
18360.000000 38188275.6590178907 0.0792821005 
18420.000000 38188295.6117143929 0.5855051986 
18480.000000 38188345.8563740626 1.0885738518 
18540.000000 38188426.1233952641 1.5858022049 
18600.000000 38188535.9832653180 2.0745533450 
18660.000000 38188674.8489882424 2.5522575937 
18720.000000 38188841.9832178429 3.0164310353 
18780.000000 38189036.5023200288 3.4646928616 
18840.000000 38189257.3828565031 3.8947823157 
18900.000000 38189503.4703273699 4.3045746242 
18960.000000 38189773.4863946885 4.6920945954 
19020.000000 38190066.0397516564 5.0555285456 
19080.000000 38190379.6350824758 5.3932333168 
19140.000000 38190712.6836232841 5.7037431460 
19200.000000 38191063.5146412030 5.9857744028 
19260.000000 38191430.3849861324 6.2382278138 
19320.000000 38191811.4918938428 6.4601893921 
19380.000000 38192204.9831018224 6.6509290687 
19440.000000 38192608.9678639919 6.8098979239 
19500.000000 38193021.5278134421 6.9367239986 
19560.000000 38193440.7278558686 7.0312069186 
19620.000000 38193864.6251904517 7.0933111513 
19680.000000 38194291.2801323608 7.1231588312 
19740.000000 38194718.7643624991 7.1210214746 
19800.000000 38195145.1708417758 7.0873116172 
19860.000000 38195568.6210841909 7.0225736869 
19920.000000 38195987.2723711804 6.9274747860 
19980.000000 38196399.3263080493 6.8027958049 
22320.000000 38196737.4768270999 -6.6766256289 
22380.000000 38196332.2751173750 -6.8253670154 
22440.000000 38195919.0099320412 -6.9452595362 
22500.000000 38195499.4383713678 -7.0354342834 
22560.000000 38195075.3675419986 -7.0951281816 
22620.000000 38194648.6458327249 -7.1236935345 
22680.000000 38194221.1574824229 -7.1206068579 
22740.000000 38193794.8138614446 -7.0854781908 
22800.000000 38193371.5459515527 -7.0180598452 
22860.000000 38192953.2946937904 -6.9182551070 
22920.000000 38192542.0018737838 -6.7861261876 
22980.000000 38192139.6013882309 -6.6219012819 
23040.000000 38191748.0079139695 -6.4259811460 
23100.000000 38191369.1058697999 -6.1989444304 
23160.000000 38191004.7416211590 -5.9415509970 
23220.000000 38190656.7086152732 -5.6547451031 
23280.000000 38190326.7379949391 -5.3396557868 
23340.000000 38190016.4891645908 -4.9975954292 
23400.000000 38189727.5361436009 -4.6300572476 
23460.000000 38189461.3587274179 -4.2387099012 
23520.000000 38189219.3304079920 -3.8253908707 
23580.000000 38189002.7112629265 -3.3920970637 
23640.000000 38188812.6356903240 -2.9409747412 
23700.000000 38188650.1053696051 -2.4743066576 
23760.000000 38188515.9817908555 -1.9944973740 
23820.000000 38188410.9783854783 -1.5040565006 
23880.000000 38188335.6557899192 -1.0055790569 
23940.000000 38188290.4163364172 -0.5017240191 
24000.000000 38188275.5024360120 0.0048090785 
24060.000000 38188290.9926133230 0.5113030748 
24120.000000 38188336.8038294390 1.0150462494 
24180.000000 38188412.6895240545 1.5133527591 
24240.000000 38188518.2445733249 2.0035826833 
24300.000000 38188652.9063156769 2.4831599812 
24360.000000 38188815.9607412517 2.9495907021 
24420.000000 38189006.5464552566 3.4004801807 
24480.000000 38189223.6616516411 3.8335500425 
24540.000000 38189466.1727619469 4.2466542299 
24600.000000 38189732.8207581788 4.6377926835 
24660.000000 38190022.2318955809 5.0051236304 
24720.000000 38190332.9260661900 5.3469729371 
24780.000000 38190663.3287627622 5.6618417459 
24840.000000 38191011.7810798809 5.9484114107 
24900.000000 38191376.5493939221 6.2055462378 
24960.000000 38191755.8384765983 6.4322949624 
25020.000000 38192147.8014791384 6.6278898289 
25080.000000 38192550.5503500551 6.7917441648 
25140.000000 38192962.1678700894 6.9234488672 
25200.000000 38193380.7164496407 7.0227670204 
25260.000000 38193804.2504561245 7.0896281936 
25320.000000 38194230.8243707716 7.1241210708 
25380.000000 38194658.5023599863 7.1264857260 
25440.000000 38195085.3678130209 7.0971054332 
25500.000000 38195509.5305095986 7.0364977203 
25560.000000 38195929.1357194111 6.9453056824 
25620.000000 38196342.3706156388 6.8242887752 
28020.000000 38196339.2391624600 -6.8255072210 
28080.000000 38195925.9374904260 -6.9463085818 
28140.000000 38195506.2789408341 -7.0372756662 
28200.000000 38195082.0763602853 -7.0976497764 
28260.000000 38194655.1855989844 -7.1267885554 
28320.000000 38194227.4968411848 -7.1241753111 
28380.000000 38193800.9275372922 -7.0894278192 
28440.000000 38193377.4132698774 -7.0223071978 
28500.000000 38192958.8997272179 -6.9227260680 
28560.000000 38192547.3339173719 -6.7907562120 
28620.000000 38192144.6523047015 -6.6266360184 
28680.000000 38191752.7724595964 -6.4307762214 
28740.000000 38191373.5823603272 -6.2037649247 
28800.000000 38191008.9285186827 -5.9463714982 
28860.000000 38190660.6064034179 -5.6595484849 
28920.000000 38190330.3486058712 -5.3444322759 
28980.000000 38190019.8142198697 -5.0023417438 
29040.000000 38189730.5773726180 -4.6347751731 
29100.000000 38189464.1173605025 -4.2434049934 
29160.000000 38189221.8080493882 -3.8300708347 
29220.000000 38189004.9083246514 -3.3967706364 
29280.000000 38188814.5520010442 -2.9456501859 
29340.000000 38188651.7410961986 -2.4789902635 
29400.000000 38188517.3362252340 -1.9991924688 
29460.000000 38188412.0506706089 -1.5087621981 
29520.000000 38188336.4454346970 -1.0102892331 
29580.000000 38188290.9239980429 -0.5064264994 
29640.000000 38188275.7282486632 0.0001325131 
29700.000000 38188290.9394622818 0.5066773283 
29760.000000 38188336.4750549346 1.0105021301 
29820.000000 38188412.0916742161 1.5089269632 
29880.000000 38188517.3856723681 1.9993166825 
29940.000000 38188651.7974529043 2.4790993817 
30000.000000 38188814.6155563667 2.9457839732 
30060.000000 38189004.9817481339 3.3969773875 
30120.000000 38189221.8971905410 3.8304012202 
30180.000000 38189464.2313529104 4.2439076769 
30240.000000 38189730.7275283188 4.6354930493 
30300.000000 38190020.0150316730 5.0033103329 
30360.000000 38190330.6160583124 5.3456783879 
30420.000000 38190660.9572706372 5.6610896565 
30480.000000 38191009.3807918280 5.9482154875 
30540.000000 38191374.1542361677 6.2059091607 
30600.000000 38191753.4819104671 6.4332072156 
30660.000000 38192145.5155927092 6.6293289406 
30720.000000 38192548.3656859621 6.7936743559 
30780.000000 38192960.1124757156 6.9258208126 
30840.000000 38193378.8150000051 7.0255178945 
30900.000000 38193802.5234988853 7.0926820019 
30960.000000 38194229.2876119465 7.1273892410 
31020.000000 38194657.1657209918 7.1298678862 
31080.000000 38195084.2345838696 7.1004904218 
31140.000000 38195508.5974639654 7.0397649754 
31200.000000 38195928.3922147751 6.9483265891 
31260.000000 38196341.7973015979 6.8269280661 
